47	2	50	55	56	75	82	41	6	88	56	70	31	39	89
33	70	65	70	72	49	26	69	82	13	2	65	22	65	81
15	19	15	54	51	89	95	80	16	77	61	6	75	53	79
84	15	52	69	88	35	15	71	2	3	45	10	7	28	82
92	44	32	4	58	23	20	64	72	70	57	84	61	27	78
44	60	65	37	67	98	22	42	95	31	18	18	44	39	43
79	77	38	66	76	28	58	67	9	43	20	94	69	82	89
57	6	73	49	46	46	84	84	85	73	66	23	99	69	78
53	37	57	7	36	64	18	66	30	21	86	96	30	79	81
2	92	15	7	43	90	59	74	44	35	57	64	57	21	6
22	21	16	85	21	78	10	29	6	90	35	76	74	7	26
77	10	56	13	67	93	60	44	69	45	46	13	76	5	42
25	88	18	65	21	45	64	92	95	18	6	83	90	18	28
6	6	77	71	71	2	65	64	16	75	16	39	52	25	15
61	73	52	18	51	88	92	57	67	19	2	78	92	33	36